5.801000000000000000e+03 5.233000000000000000e+03 4.133000000000000000e+03 9.550000000000000000e+02 5.614000000000000000e+03 1.149000000000000000e+03 1.600000000000000000e+03 8.126000000000000000e+03 9.556000000000000000e+03 5.366000000000000000e+03
3.170000000000000000e+02 8.103000000000000000e+03 2.435000000000000000e+03 4.321000000000000000e+03 2.676000000000000000e+03 9.895000000000000000e+03 8.059000000000000000e+03 5.000000000000000000e+03 7.682000000000000000e+03 1.738000000000000000e+03
5.051000000000000000e+03 6.213000000000000000e+03 2.873000000000000000e+03 7.340000000000000000e+03 4.514000000000000000e+03 6.605000000000000000e+03 2.790000000000000000e+03 8.590000000000000000e+02 1.464000000000000000e+03 8.169000000000000000e+03
1.379000000000000000e+03 7.680000000000000000e+03 7.523000000000000000e+03 4.858000000000000000e+03 4.122000000000000000e+03 7.292000000000000000e+03 5.709000000000000000e+03 5.593000000000000000e+03 8.251000000000000000e+03 1.111000000000000000e+03
4.990000000000000000e+02 8.080000000000000000e+03 6.434000000000000000e+03 9.767000000000000000e+03 2.380000000000000000e+02 4.204000000000000000e+03 4.213000000000000000e+03 8.464000000000000000e+03 1.801000000000000000e+03 8.563000000000000000e+03
1.528000000000000000e+03 1.597000000000000000e+03 2.291000000000000000e+03 7.654000000000000000e+03 4.711000000000000000e+03 7.941000000000000000e+03 7.866000000000000000e+03 8.890000000000000000e+02 4.847000000000000000e+03 5.409000000000000000e+03
2.085000000000000000e+03 8.125000000000000000e+03 5.068000000000000000e+03 7.139000000000000000e+03 8.572000000000000000e+03 7.996000000000000000e+03 7.636000000000000000e+03 5.803000000000000000e+03 8.111000000000000000e+03 5.473000000000000000e+03
4.260000000000000000e+03 1.727000000000000000e+03 1.778000000000000000e+03 2.879000000000000000e+03 9.511000000000000000e+03 4.131000000000000000e+03 3.420000000000000000e+03 3.615000000000000000e+03 4.996000000000000000e+03 8.190000000000000000e+03
8.101000000000000000e+03 3.949000000000000000e+03 6.463000000000000000e+03 5.542000000000000000e+03 7.361000000000000000e+03 1.749000000000000000e+03 3.257000000000000000e+03 1.159000000000000000e+03 3.420000000000000000e+02 5.797000000000000000e+03
5.259000000000000000e+03 3.746000000000000000e+03 5.272000000000000000e+03 7.270000000000000000e+03 6.126000000000000000e+03 6.250000000000000000e+03 6.130000000000000000e+03 7.328000000000000000e+03 7.155000000000000000e+03 7.120000000000000000e+03
2.730000000000000000e+02 5.579000000000000000e+03 1.680000000000000000e+03 3.515000000000000000e+03 2.093000000000000000e+03 9.235000000000000000e+03 4.730000000000000000e+02 9.365000000000000000e+03 9.200000000000000000e+02 6.424000000000000000e+03
9.374000000000000000e+03 5.675000000000000000e+03 8.484000000000000000e+03 7.987000000000000000e+03 3.086000000000000000e+03 8.212000000000000000e+03 6.312000000000000000e+03 8.150000000000000000e+02 1.002000000000000000e+03 9.899000000000000000e+03
4.596000000000000000e+03 2.608000000000000000e+03 9.833000000000000000e+03 6.629000000000000000e+03 8.279000000000000000e+03 3.587000000000000000e+03 3.325000000000000000e+03 9.277000000000000000e+03 2.128000000000000000e+03 8.630000000000000000e+02
4.823000000000000000e+03 8.878000000000000000e+03 6.572000000000000000e+03 6.471000000000000000e+03 4.756000000000000000e+03 9.405000000000000000e+03 3.210000000000000000e+02 3.715000000000000000e+03 5.273000000000000000e+03 2.920000000000000000e+03
4.243000000000000000e+03 6.042000000000000000e+03 6.137000000000000000e+03 3.498000000000000000e+03 4.037000000000000000e+03 4.637000000000000000e+03 4.424000000000000000e+03 7.623000000000000000e+03 5.877000000000000000e+03 3.341000000000000000e+03
9.116000000000000000e+03 9.941000000000000000e+03 4.196000000000000000e+03 7.923000000000000000e+03 1.668000000000000000e+03 1.196000000000000000e+03 2.656000000000000000e+03 1.776000000000000000e+03 1.464000000000000000e+03 9.988000000000000000e+03
7.552000000000000000e+03 7.150000000000000000e+02 6.646000000000000000e+03 7.482000000000000000e+03 4.407000000000000000e+03 6.730000000000000000e+02 3.890000000000000000e+02 7.726000000000000000e+03 7.188000000000000000e+03 2.953000000000000000e+03
5.776000000000000000e+03 2.296000000000000000e+03 1.391000000000000000e+03 6.249000000000000000e+03 1.447000000000000000e+03 4.382000000000000000e+03 9.467000000000000000e+03 3.723000000000000000e+03 2.257000000000000000e+03 8.557000000000000000e+03
2.544000000000000000e+03 3.997000000000000000e+03 5.110000000000000000e+03 6.414000000000000000e+03 1.659000000000000000e+03 5.370000000000000000e+02 9.284000000000000000e+03 5.544000000000000000e+03 7.378000000000000000e+03 5.538000000000000000e+03
2.664000000000000000e+03 9.294000000000000000e+03 9.551000000000000000e+03 6.835000000000000000e+03 6.992000000000000000e+03 9.625000000000000000e+03 5.655000000000000000e+03 8.330000000000000000e+02 2.971000000000000000e+03 7.700000000000000000e+02
7.185000000000000000e+03 5.687000000000000000e+03 1.540000000000000000e+03 1.610000000000000000e+03 7.415000000000000000e+03 5.720000000000000000e+03 2.157000000000000000e+03 8.716000000000000000e+03 8.432000000000000000e+03 7.591000000000000000e+03
3.612000000000000000e+03 1.904000000000000000e+03 8.386000000000000000e+03 1.781000000000000000e+03 7.373000000000000000e+03 5.410000000000000000e+03 5.024000000000000000e+03 4.211000000000000000e+03 2.898000000000000000e+03 5.491000000000000000e+03
5.397000000000000000e+03 2.886000000000000000e+03 3.943000000000000000e+03 2.952000000000000000e+03 4.979000000000000000e+03 6.181000000000000000e+03 4.638000000000000000e+03 7.147000000000000000e+03 8.086000000000000000e+03 5.055000000000000000e+03
7.190000000000000000e+03 8.820000000000000000e+02 9.654000000000000000e+03 2.475000000000000000e+03 5.081000000000000000e+03 5.741000000000000000e+03 1.036000000000000000e+03 5.342000000000000000e+03 8.225000000000000000e+03 6.226000000000000000e+03
7.384000000000000000e+03 1.553000000000000000e+03 9.325000000000000000e+03 1.851000000000000000e+03 4.086000000000000000e+03 1.050000000000000000e+03 2.605000000000000000e+03 9.340000000000000000e+02 6.514000000000000000e+03 6.584000000000000000e+03
4.219000000000000000e+03 9.176000000000000000e+03 2.547000000000000000e+03 6.466000000000000000e+03 1.094000000000000000e+03 8.073000000000000000e+03 5.060000000000000000e+03 3.120000000000000000e+03 2.442000000000000000e+03 3.026000000000000000e+03
8.935000000000000000e+03 3.101000000000000000e+03 7.897000000000000000e+03 2.460000000000000000e+02 1.547000000000000000e+03 4.082000000000000000e+03 4.387000000000000000e+03 4.103000000000000000e+03 5.832000000000000000e+03 8.670000000000000000e+03
7.880000000000000000e+02 3.926000000000000000e+03 6.641000000000000000e+03 5.800000000000000000e+03 7.164000000000000000e+03 7.278000000000000000e+03 9.880000000000000000e+02 5.559000000000000000e+03 9.211000000000000000e+03 4.424000000000000000e+03
8.702000000000000000e+03 3.364000000000000000e+03 4.917000000000000000e+03 8.771000000000000000e+03 6.032000000000000000e+03 7.996000000000000000e+03 5.956000000000000000e+03 4.421000000000000000e+03 5.893000000000000000e+03 2.322000000000000000e+03
2.086000000000000000e+03 2.260000000000000000e+02 9.440000000000000000e+03 6.104000000000000000e+03 4.851000000000000000e+03 1.159000000000000000e+03 2.676000000000000000e+03 8.924000000000000000e+03 9.566000000000000000e+03 8.338000000000000000e+03
4.803000000000000000e+03 1.316000000000000000e+03 6.360000000000000000e+03 6.712000000000000000e+03 4.456000000000000000e+03 3.699000000000000000e+03 7.122000000000000000e+03 5.179000000000000000e+03 6.403000000000000000e+03 6.276000000000000000e+03
4.602000000000000000e+03 9.891000000000000000e+03 8.010000000000000000e+02 1.693000000000000000e+03 5.655000000000000000e+03 1.128000000000000000e+03 9.878000000000000000e+03 8.515000000000000000e+03 6.198000000000000000e+03 9.182000000000000000e+03
2.026000000000000000e+03 5.288000000000000000e+03 8.143000000000000000e+03 1.813000000000000000e+03 8.965000000000000000e+03 2.749000000000000000e+03 2.961000000000000000e+03 7.122000000000000000e+03 1.725000000000000000e+03 3.674000000000000000e+03
7.339000000000000000e+03 1.143000000000000000e+03 4.605000000000000000e+03 4.527000000000000000e+03 9.224000000000000000e+03 7.366000000000000000e+03 1.590000000000000000e+02 7.975000000000000000e+03 8.449000000000000000e+03 2.501000000000000000e+03
8.170000000000000000e+03 7.941000000000000000e+03 7.126000000000000000e+03 9.003000000000000000e+03 5.412000000000000000e+03 7.392000000000000000e+03 9.205000000000000000e+03 1.580000000000000000e+02 5.718000000000000000e+03 8.839000000000000000e+03
2.869000000000000000e+03 7.531000000000000000e+03 2.939000000000000000e+03 5.382000000000000000e+03 7.831000000000000000e+03 8.842000000000000000e+03 8.314000000000000000e+03 7.830000000000000000e+03 5.419000000000000000e+03 6.687000000000000000e+03
8.829000000000000000e+03 6.825000000000000000e+03 8.769000000000000000e+03 8.536000000000000000e+03 7.189000000000000000e+03 1.872000000000000000e+03 3.584000000000000000e+03 7.381000000000000000e+03 9.765000000000000000e+03 4.158000000000000000e+03
5.218000000000000000e+03 9.511000000000000000e+03 8.838000000000000000e+03 6.261000000000000000e+03 1.552000000000000000e+03 6.640000000000000000e+02 2.475000000000000000e+03 6.105000000000000000e+03 2.737000000000000000e+03 2.581000000000000000e+03
2.002000000000000000e+03 9.503000000000000000e+03 3.749000000000000000e+03 6.460000000000000000e+02 8.363000000000000000e+03 3.942000000000000000e+03 8.452000000000000000e+03 5.395000000000000000e+03 6.930000000000000000e+03 2.115000000000000000e+03
8.690000000000000000e+02 1.725000000000000000e+03 1.980000000000000000e+02 6.653000000000000000e+03 4.035000000000000000e+03 6.159000000000000000e+03 6.562000000000000000e+03 2.685000000000000000e+03 5.940000000000000000e+02 8.308000000000000000e+03
5.496000000000000000e+03 3.486000000000000000e+03 3.457000000000000000e+03 3.245000000000000000e+03 9.917000000000000000e+03 3.030000000000000000e+02 1.999000000000000000e+03 8.628000000000000000e+03 6.078000000000000000e+03 2.988000000000000000e+03
7.983000000000000000e+03 4.268000000000000000e+03 5.116000000000000000e+03 1.576000000000000000e+03 8.069000000000000000e+03 6.262000000000000000e+03 9.238000000000000000e+03 2.500000000000000000e+02 9.202000000000000000e+03 1.797000000000000000e+03
5.973000000000000000e+03 4.072000000000000000e+03 9.156000000000000000e+03 3.983000000000000000e+03 9.285000000000000000e+03 3.734000000000000000e+03 4.591000000000000000e+03 2.099000000000000000e+03 2.290000000000000000e+03 8.937000000000000000e+03
6.958000000000000000e+03 9.358000000000000000e+03 4.640000000000000000e+02 5.153000000000000000e+03 1.750000000000000000e+02 3.711000000000000000e+03 7.003000000000000000e+03 5.324000000000000000e+03 9.612000000000000000e+03 1.092000000000000000e+03
4.076000000000000000e+03 2.995000000000000000e+03 1.470000000000000000e+02 6.436000000000000000e+03 8.953000000000000000e+03 4.496000000000000000e+03 6.482000000000000000e+03 9.157000000000000000e+03 3.489000000000000000e+03 6.778000000000000000e+03
3.916000000000000000e+03 3.409000000000000000e+03 2.906000000000000000e+03 1.970000000000000000e+02 4.341000000000000000e+03 8.500000000000000000e+03 1.535000000000000000e+03 4.509000000000000000e+03 4.780000000000000000e+02 1.633000000000000000e+03
5.440000000000000000e+03 7.092000000000000000e+03 9.497000000000000000e+03 1.698000000000000000e+03 8.771000000000000000e+03 6.034000000000000000e+03 3.390000000000000000e+02 8.614000000000000000e+03 7.673000000000000000e+03 4.084000000000000000e+03
5.230000000000000000e+02 8.860000000000000000e+02 7.675000000000000000e+03 2.074000000000000000e+03 2.673000000000000000e+03 5.440000000000000000e+03 5.620000000000000000e+03 4.629000000000000000e+03 4.316000000000000000e+03 5.968000000000000000e+03
9.720000000000000000e+03 9.072000000000000000e+03 4.994000000000000000e+03 5.842000000000000000e+03 9.674000000000000000e+03 5.540000000000000000e+02 2.631000000000000000e+03 9.510000000000000000e+03 5.676000000000000000e+03 4.320000000000000000e+03
7.454000000000000000e+03 9.176000000000000000e+03 3.518000000000000000e+03 2.250000000000000000e+03 1.961000000000000000e+03 2.641000000000000000e+03 8.284000000000000000e+03 4.090000000000000000e+02 1.580000000000000000e+02 9.379000000000000000e+03
